 2001 9 32240  9.232350.56121 3.35 27.303.0030 16.5 80 .31  .6  .6 F 56A
 SML   16.5 285 142- 39 75.13  .18  .00 79.37  .23 2.00  .00  .00 3.28  .00
 TYC   21.4 288 134  39 75.37 -.08 1.00   .00  .00  .00  .00  .00 2.44  .00
 WNT   38.0 275 112  39 77.69  .12 1.00 83.52 -.17 4.00  .00  .00 3.49  .00
 YUS   41.2 195 109  39 78.20  .18 1.00 84.23 -.23 3.00  .00  .00 2.87  .00
 TWT   46.4  12 105  39 78.64 -.11 3.00 84.99 -.74 2.00  .00  .00  .00  .00
 CHN5  47.2 234 105- 39 78.56 -.31 2.00 85.09 -.84 2.00  .00  .00 3.19  .00
 TCU   51.3 311 102  39 79.56  .09 3.00 86.68 -.29 3.00  .00  .00 2.64  .00
 WGK   53.2 251 101  39 79.65 -.10 3.00 87.34 -.11 3.00  .00  .00 3.32  .00
 HWA   57.9  75  69  39 80.79  .37 3.00   .00  .00  .00  .00  .00 3.68  .00
 TWF1  59.6 155  69  39 80.96  .30 1.00 88.58 -.45 3.00  .00  .00 2.63  .00
 TWD   60.9  64  69+ 39 80.79 -.04 1.00 88.87 -.46 2.00  .00  .00  .00  .00
 TWQ1  62.9 332  69  39 81.01 -.10 2.00 89.95  .13 2.00  .00  .00 3.07  .00
 CHN2  68.5 239  69  39 81.88  .00 2.00 91.26  .11 3.00  .00  .00 3.24  .00
 NSY   70.3 334  69  39 82.67  .55 3.00 92.25  .69 4.00  .00  .00 3.62  .00
 ELD   72.5 183  69  39 82.86  .43 3.00 91.39 -.71 4.00  .00  .00 2.95  .00
 NNS   73.6  25  69  39 81.36-1.22 3.00 93.10  .75 4.00  .00  .00 2.97  .00
 WTC   78.9 271  69  39 83.05 -.26 4.00   .00  .00  .00  .00  .00 3.52  .00
 WTP   80.1 214  69  39 83.16 -.30 2.00 94.25  .37 3.00  .00  .00 2.68  .00
 STY   81.2 202  69  39 83.65  .02 2.00 93.53 -.64 2.00  .00  .00 2.84  .00
 TWL   86.2 222  69  39 84.60  .29 2.00 94.70 -.64 4.00  .00  .00 2.52  .00
 NST   87.5 356  69  39 84.59  .10 3.00 95.10 -.56 4.00  .00  .00 2.88  .00
 CHK   88.2 158  69  39 85.52  .94 4.00 96.70  .88 4.00  .00  .00  .00  .00
 CHN1  90.6 216  69  39 84.51 -.40 2.00 96.60  .21 2.00  .00  .00 2.68  .00
 ENA   95.1  47  69  39 86.02  .49 3.00 98.27  .80 4.00  .00  .00 2.65  .00
 SGS   97.1 209  69  39 86.37  .56 4.00 98.44  .50 4.00  .00  .00  .00  .00
 NSK   97.2  18  69  39 86.70  .88 3.00 97.93 -.04 2.00  .00  .00 2.63  .00
 CHN8 102.2 237  69  39 86.53  .03 4.00100.01  .86 4.00  .00  .00 3.50  .00
 ENT  102.3  30  69  39 87.48  .96 3.00   .00  .00  .00  .00  .00 3.00  .00
 TWG  113.2 179  61  39 87.47 -.46 3.00102.56  .94 3.00  .00  .00 2.75  .00
 TWE  115.4  32  61  39 88.66  .44 3.00102.66  .54 3.00  .00  .00 3.00  .00
